%YAML:1.0

File.version: "1.0"
Camera.type: "PinHole"

# Desna kamera (/nicla1/camera/image_raw)
Camera1.fx: 424.49838340146425
Camera1.fy: 426.52570623177854
Camera1.cx: 175.71113009095018
Camera1.cy: 119.95347655902168
Camera1.k1: 0.2675925383386577
Camera1.k2: -0.8741375521134928
Camera1.p1: -0.0016895761168774896
Camera1.p2: 0.005031505478976575

# Lijeva kamera (/nicla2/camera/image_raw)
Camera2.fx: 417.7854970382802
Camera2.fy: 419.21916340096567
Camera2.cx: 158.3681949128035
Camera2.cy: 106.87943923864903
Camera2.k1: 0.1946827434371365
Camera2.k2: -0.520271895491631
Camera2.p1: -0.008387802002003822
Camera2.p2: -0.0012691586931744983

Camera.width: 320
Camera.height: 240
Camera.newWidth: 320
Camera.newHeight: 240
Camera.fps: 10
Camera.RGB: 0

# Matrica transformacije između kamera dobivena iz stereo kalibracije
#Stereo.T_c1_c2: !!opencv-matrix
#  rows: 4
#  cols: 4
#  dt: f
#  data: [0.997684077331315100, -0.006713983810583414, -0.0676860713954775, -0.1205473306145447400,
#         0.011634846442478036, 0.9972953500842674000, 0.07257144788798586, -0.0010462813312637910,
#         0.067015760741950920, -0.073190895073703770, 0.99506380734628660, -0.0004336921757695014,
#         0.000000000000000000, 0.0000000000000000000, 0.00000000000000000, 1.000000000000000000000]

# Gruba matrica transformacije između kamera dobivena iz samog nosača kamera (dovoljno dobra)
Stereo.T_c1_c2: !!opencv-matrix
  rows: 4
  cols: 4
  dt: f
  data: [1.0, 0.0, 0.0, -0.12,
         0.0, 1.0, 0.0, 0.0,
         0.0, 0.0, 1.0, 0.0,
         0.0, 0.0, 0.0, 1.0]

# Točke dublje od: Stereo.ThDepth * baseline = 40 * 0.12 m = 4.8 m smatraju se dalekima i ne uzimaju se u obzir (jer smo u unutrašnjem prostoru)
Stereo.ThDepth: 40.0

ORBextractor.nFeatures: 800
ORBextractor.scaleFactor: 1.2
ORBextractor.nLevels: 5
ORBextractor.iniThFAST: 20
ORBextractor.minThFAST: 7

Viewer.KeyFrameSize: 0.05
Viewer.KeyFrameLineWidth: 1.0
Viewer.GraphLineWidth: 0.9
Viewer.PointSize: 2.0
Viewer.CameraSize: 0.08
Viewer.CameraLineWidth: 3.0
Viewer.ViewpointX: 0.0
Viewer.ViewpointY: -1.7
Viewer.ViewpointZ: 0.8
Viewer.ViewpointF: 500.0
