# oST version 5.0 parameters


[image]

width
320

height
240

[narrow_stereo/left]

camera matrix
419.521238 0.000000 172.575731
0.000000 418.925164 125.330084
0.000000 0.000000 1.000000

distortion
0.165929 -0.424505 0.002465 0.005367 0.000000

rectification
0.997982 0.001679 -0.063473
0.000649 0.999329 0.036631
0.063492 -0.036598 0.997311

projection
508.196580 0.000000 182.177187 0.000000
0.000000 508.196580 120.080441 0.000000
0.000000 0.000000 1.000000 0.000000
# oST version 5.0 parameters


[image]

width
320

height
240

[narrow_stereo/right]

camera matrix
417.364059 0.000000 162.354918
0.000000 415.862168 113.949363
0.000000 0.000000 1.000000

distortion
0.176853 -0.488996 0.003722 -0.000745 0.000000

rectification
0.999956 0.008679 0.003598
-0.008541 0.999292 -0.036648
-0.003913 0.036616 0.999322

projection
508.196580 0.000000 182.177187 -61.264445
0.000000 508.196580 120.080441 0.000000
0.000000 0.000000 1.000000 0.000000
