image_width: 320
image_height: 240
camera_name: narrow_stereo/right
camera_matrix:
  rows: 3
  cols: 3
  data: [417.36406,   0.     , 162.35492,
           0.     , 415.86217, 113.94936,
           0.     ,   0.     ,   1.     ]
distortion_model: plumb_bob
distortion_coefficients:
  rows: 1
  cols: 5
  data: [0.176853, -0.488996, 0.003722, -0.000745, 0.000000]
rectification_matrix:
  rows: 3
  cols: 3
  data: [ 0.99995587,  0.00867904,  0.00359753,
         -0.00854143,  0.99929172, -0.03664849,
         -0.00391306,  0.03661615,  0.99932174]
projection_matrix:
  rows: 3
  cols: 4
  data: [508.19658,   0.     , 182.17719, -61.26444,
           0.     , 508.19658, 120.08044,   0.     ,
           0.     ,   0.     ,   1.     ,   0.     ]
